8 12 7 9 10
8 12 7 9 10 13
8 12 7 9 10 13 11
8 12 7 9 10 11
13 12
13 12 11
13 12 11 7 9 10
13 12 11 9 10
13 12 7 9 10
13 12 9 10
3 5 4
3 5 4 2
3 5 4 2 11 6 1 7 9 10
3 5 4 2 6 1
3 5 4 2 6 1 7 9 10
3 5 4 6 1
3 5 4 6 1 7 9 10
2 4
2 4 5
2 4 5 11 6 1 7 9 10
2 4 5 6 1
2 4 5 6 1 7 9 10
2 4 6 1
2 4 6 1 7 9 10
5 4
5 4 11 6 1 7 9 10
5 4 6 1
5 4 6 1 7 9 10
11
11 12
11 12 7 9 10
11 12 9 10
11 12 10
11 7 9 10
11 9 10
11 10
6 1 4
6 1 4 7 9 10
12
12 7 9 10
12 9 10
12 10
1
1 4
1 4 7 9 10
1 7 9 10
4
7 9 10
9 10
10
