2 3 4 5
2 3 4 5 1 6
1 2 3 4 5 6
1 2 3 4 5 6 7 9 10
1 2 3 4 5 6 7 9 10 11
1 2 4 5 6
1 2 4 5 6 3
1 2 4 5 6 7 9 10
1 2 4 5 6 7 9 10 11
1 2 4 5 6 7 9 10 11 3
1 2 4 5 6 7 9 10 3
1 2 4 5 6 7 9 10 3 11
1 2 4 6 7 9 10
1 3 4 5 6
1 3 4 5 6 2
1 4 5 6
1 4 5 6 2
1 4 5 6 2 3
1 4 5 6 3
1 4 5 6 3 2
1 4 5 6 7 9 10
1 4 5 6 7 9 10 11
1 4 5 6 7 9 10 11 2
1 4 5 6 7 9 10 11 2 3
1 4 5 6 7 9 10 2
1 4 5 6 7 9 10 2 3
1 4 5 6 7 9 10 3
1 4 6 7 9 10
1 4 7 9 10
1 5 6 7 9 10 4
1 7 9 10
10 11 12
10 12
11 12
11 12 13
12
12 11
12 11 13
12 13
12 13 11
7 8 9 10 11 12
7 8 9 10 11 12 13
7 8 9 10 12
7 8 9 10 12 11
7 8 9 10 12 11 13
7 8 9 10 12 13
7 8 9 10 12 13 11
7 9 10
7 9 10 11 12
7 9 10 11 12 13
7 9 10 11 12 8
7 9 10 12
7 9 10 12 11
7 9 10 12 11 13
7 9 10 12 13
7 9 10 12 13 11
9 10 11 12
9 10 12
9 10 12 11
9 10 12 11 13