11
11 7
11 7 9
11 7 9 10
11 7 10
11 12
11 12 7
11 12 7 9
11 12 7 9 10
11 12 7 10
11 12 9
11 12 9 10
11 12 10
11 1
11 1 7
11 1 7 9
11 1 7 9 10
11 1 7 10
11 1 9
11 1 9 10
11 1 4
11 1 4 7
11 1 4 7 9
11 1 4 7 9 10
11 1 4 7 10
11 1 4 9
11 1 4 9 10
11 1 4 10
11 1 10
11 5
11 5 7
11 5 7 9
11 5 7 9 10
11 5 7 10
11 5 1
11 5 1 7
11 5 1 7 9
11 5 1 7 9 10
11 5 1 7 10
11 5 1 9
11 5 1 9 10
11 5 1 4
11 5 1 4 7
11 5 1 4 7 9
11 5 1 4 7 9 10
11 5 1 4 7 10
11 5 1 4 9
11 5 1 4 9 10
11 5 1 4 10
11 5 1 10
11 5 9
11 5 9 10
11 5 4
11 5 4 7
11 5 4 7 9
11 5 4 7 9 10
11 5 4 7 10
11 5 4 9
11 5 4 9 10
11 5 4 10
11 5 6
11 5 6 7
11 5 6 7 9
11 5 6 7 9 10
11 5 6 7 10
11 5 6 1
11 5 6 1 7
11 5 6 1 7 9
11 5 6 1 7 9 10
11 5 6 1 7 10
11 5 6 1 9
11 5 6 1 9 10
11 5 6 1 4
11 5 6 1 4 7
11 5 6 1 4 7 9
11 5 6 1 4 7 9 10
11 5 6 1 4 7 10
11 5 6 1 4 9
11 5 6 1 4 9 10
11 5 6 1 4 10
11 5 6 1 10
11 5 6 9
11 5 6 9 10
11 5 6 4
11 5 6 4 7
11 5 6 4 7 9
11 5 6 4 7 9 10
11 5 6 4 7 10
11 5 6 4 9
11 5 6 4 9 10
11 5 6 4 10
11 5 6 10
11 5 10
11 9
11 9 10
11 4
11 4 7
11 4 7 9
11 4 7 9 10
11 4 7 10
11 4 9
11 4 9 10
11 4 10
11 6
11 6 7
11 6 7 9
11 6 7 9 10
11 6 7 10
11 6 1
11 6 1 7
11 6 1 7 9
11 6 1 7 9 10
11 6 1 7 10
11 6 1 9
11 6 1 9 10
11 6 1 4
11 6 1 4 7
11 6 1 4 7 9
11 6 1 4 7 9 10
11 6 1 4 7 10
11 6 1 4 9
11 6 1 4 9 10
11 6 1 4 10
11 6 1 10
11 6 9
11 6 9 10
11 6 4
11 6 4 7
11 6 4 7 9
11 6 4 7 9 10
11 6 4 7 10
11 6 4 9
11 6 4 9 10
11 6 4 10
11 6 10
11 10
1
1 7
1 7 9
1 7 9 10
1 7 10
1 9
1 9 10
1 4
1 4 7
1 4 7 9
1 4 7 9 10
1 4 7 10
1 4 9
1 4 9 10
1 4 10
1 10
8
8 11
8 11 7
8 11 7 9
8 11 7 9 10
8 11 7 10
8 11 12
8 11 12 7
8 11 12 7 9
8 11 12 7 9 10
8 11 12 7 10
8 11 12 9
8 11 12 9 10
8 11 12 10
8 11 9
8 11 9 10
8 11 10
8 13
8 13 11
8 13 11 7
8 13 11 7 9
8 13 11 7 9 10
8 13 11 7 10
8 13 11 12
8 13 11 12 7
8 13 11 12 7 9
8 13 11 12 7 9 10
8 13 11 12 7 10
8 13 11 12 9
8 13 11 12 9 10
8 13 11 12 10
8 13 11 9
8 13 11 9 10
8 13 11 10
8 13 7
8 13 7 9
8 13 7 9 10
8 13 7 10
8 13 12
8 13 12 7
8 13 12 7 9
8 13 12 7 9 10
8 13 12 7 10
8 13 12 9
8 13 12 9 10
8 13 12 10
8 13 9
8 13 9 10
8 13 10
8 7
8 7 9
8 7 9 10
8 7 10
8 12
8 12 7
8 12 7 9
8 12 7 9 10
8 12 7 10
8 12 9
8 12 9 10
8 12 10
8 9
8 9 10
8 10
10
12
12 7
12 7 9
12 7 9 10
12 7 10
12 9
12 9 10
12 10
9
9 10
2
2 11
2 11 7
2 11 7 9
2 11 7 9 10
2 11 7 10
2 11 1
2 11 1 7
2 11 1 7 9
2 11 1 7 9 10
2 11 1 7 10
2 11 1 9
2 11 1 9 10
2 11 1 4
2 11 1 4 7
2 11 1 4 7 9
2 11 1 4 7 9 10
2 11 1 4 7 10
2 11 1 4 9
2 11 1 4 9 10
2 11 1 4 10
2 11 1 10
2 11 5
2 11 5 7
2 11 5 7 9
2 11 5 7 9 10
2 11 5 7 10
2 11 5 1
2 11 5 1 7
2 11 5 1 7 9
2 11 5 1 7 9 10
2 11 5 1 7 10
2 11 5 1 9
2 11 5 1 9 10
2 11 5 1 4
2 11 5 1 4 7
2 11 5 1 4 7 9
2 11 5 1 4 7 9 10
2 11 5 1 4 7 10
2 11 5 1 4 9
2 11 5 1 4 9 10
2 11 5 1 4 10
2 11 5 1 10
2 11 5 9
2 11 5 9 10
2 11 5 4
2 11 5 4 7
2 11 5 4 7 9
2 11 5 4 7 9 10
2 11 5 4 7 10
2 11 5 4 9
2 11 5 4 9 10
2 11 5 4 10
2 11 5 6
2 11 5 6 7
2 11 5 6 7 9
2 11 5 6 7 9 10
2 11 5 6 7 10
2 11 5 6 1
2 11 5 6 1 7
2 11 5 6 1 7 9
2 11 5 6 1 7 9 10
2 11 5 6 1 7 10
2 11 5 6 1 9
2 11 5 6 1 9 10
2 11 5 6 1 4
2 11 5 6 1 4 7
2 11 5 6 1 4 7 9
2 11 5 6 1 4 7 9 10
2 11 5 6 1 4 7 10
2 11 5 6 1 4 9
2 11 5 6 1 4 9 10
2 11 5 6 1 4 10
2 11 5 6 1 10
2 11 5 6 9
2 11 5 6 9 10
2 11 5 6 4
2 11 5 6 4 7
2 11 5 6 4 7 9
2 11 5 6 4 7 9 10
2 11 5 6 4 7 10
2 11 5 6 4 9
2 11 5 6 4 9 10
2 11 5 6 4 10
2 11 5 6 10
2 11 5 10
2 11 9
2 11 9 10
2 11 4
2 11 4 7
2 11 4 7 9
2 11 4 7 9 10
2 11 4 7 10
2 11 4 9
2 11 4 9 10
2 11 4 10
2 11 6
2 11 6 7
2 11 6 7 9
2 11 6 7 9 10
2 11 6 7 10
2 11 6 1
2 11 6 1 7
2 11 6 1 7 9
2 11 6 1 7 9 10
2 11 6 1 7 10
2 11 6 1 9
2 11 6 1 9 10
2 11 6 1 4
2 11 6 1 4 7
2 11 6 1 4 7 9
2 11 6 1 4 7 9 10
2 11 6 1 4 7 10
2 11 6 1 4 9
2 11 6 1 4 9 10
2 11 6 1 4 10
2 11 6 1 10
2 11 6 9
2 11 6 9 10
2 11 6 4
2 11 6 4 7
2 11 6 4 7 9
2 11 6 4 7 9 10
2 11 6 4 7 10
2 11 6 4 9
2 11 6 4 9 10
2 11 6 4 10
2 11 6 10
2 11 10
2 7
2 7 9
2 7 9 10
2 7 10
2 1
2 1 7
2 1 7 9
2 1 7 9 10
2 1 7 10
2 1 9
2 1 9 10
2 1 4
2 1 4 7
2 1 4 7 9
2 1 4 7 9 10
2 1 4 7 10
2 1 4 9
2 1 4 9 10
2 1 4 10
2 1 10
2 5
2 5 7
2 5 7 9
2 5 7 9 10
2 5 7 10
2 5 1
2 5 1 7
2 5 1 7 9
2 5 1 7 9 10
2 5 1 7 10
2 5 1 9
2 5 1 9 10
2 5 1 4
2 5 1 4 7
2 5 1 4 7 9
2 5 1 4 7 9 10
2 5 1 4 7 10
2 5 1 4 9
2 5 1 4 9 10
2 5 1 4 10
2 5 1 10
2 5 9
2 5 9 10
2 5 4
2 5 4 7
2 5 4 7 9
2 5 4 7 9 10
2 5 4 7 10
2 5 4 9
2 5 4 9 10
2 5 4 10
2 5 6
2 5 6 7
2 5 6 7 9
2 5 6 7 9 10
2 5 6 7 10
2 5 6 1
2 5 6 1 7
2 5 6 1 7 9
2 5 6 1 7 9 10
2 5 6 1 7 10
2 5 6 1 9
2 5 6 1 9 10
2 5 6 1 4
2 5 6 1 4 7
2 5 6 1 4 7 9
2 5 6 1 4 7 9 10
2 5 6 1 4 7 10
2 5 6 1 4 9
2 5 6 1 4 9 10
2 5 6 1 4 10
2 5 6 1 10
2 5 6 9
2 5 6 9 10
2 5 6 4
2 5 6 4 7
2 5 6 4 7 9
2 5 6 4 7 9 10
2 5 6 4 7 10
2 5 6 4 9
2 5 6 4 9 10
2 5 6 4 10
2 5 6 10
2 5 10
2 9
2 9 10
2 4
2 4 7
2 4 7 9
2 4 7 9 10
2 4 7 10
2 4 9
2 4 9 10
2 4 10
2 6
2 6 7
2 6 7 9
2 6 7 9 10
2 6 7 10
2 6 1
2 6 1 7
2 6 1 7 9
2 6 1 7 9 10
2 6 1 7 10
2 6 1 9
2 6 1 9 10
2 6 1 4
2 6 1 4 7
2 6 1 4 7 9
2 6 1 4 7 9 10
2 6 1 4 7 10
2 6 1 4 9
2 6 1 4 9 10
2 6 1 4 10
2 6 1 10
2 6 9
2 6 9 10
2 6 4
2 6 4 7
2 6 4 7 9
2 6 4 7 9 10
2 6 4 7 10
2 6 4 9
2 6 4 9 10
2 6 4 10
2 6 10
2 10
7
7 9
7 9 10
7 10
3
3 11
3 11 7
3 11 7 9
3 11 7 9 10
3 11 7 10
3 11 1
3 11 1 7
3 11 1 7 9
3 11 1 7 9 10
3 11 1 7 10
3 11 1 9
3 11 1 9 10
3 11 1 4
3 11 1 4 7
3 11 1 4 7 9
3 11 1 4 7 9 10
3 11 1 4 7 10
3 11 1 4 9
3 11 1 4 9 10
3 11 1 4 10
3 11 1 10
3 11 5
3 11 5 7
3 11 5 7 9
3 11 5 7 9 10
3 11 5 7 10
3 11 5 1
3 11 5 1 7
3 11 5 1 7 9
3 11 5 1 7 9 10
3 11 5 1 7 10
3 11 5 1 9
3 11 5 1 9 10
3 11 5 1 4
3 11 5 1 4 7
3 11 5 1 4 7 9
3 11 5 1 4 7 9 10
3 11 5 1 4 7 10
3 11 5 1 4 9
3 11 5 1 4 9 10
3 11 5 1 4 10
3 11 5 1 10
3 11 5 9
3 11 5 9 10
3 11 5 4
3 11 5 4 7
3 11 5 4 7 9
3 11 5 4 7 9 10
3 11 5 4 7 10
3 11 5 4 9
3 11 5 4 9 10
3 11 5 4 10
3 11 5 6
3 11 5 6 7
3 11 5 6 7 9
3 11 5 6 7 9 10
3 11 5 6 7 10
3 11 5 6 1
3 11 5 6 1 7
3 11 5 6 1 7 9
3 11 5 6 1 7 9 10
3 11 5 6 1 7 10
3 11 5 6 1 9
3 11 5 6 1 9 10
3 11 5 6 1 4
3 11 5 6 1 4 7
3 11 5 6 1 4 7 9
3 11 5 6 1 4 7 9 10
3 11 5 6 1 4 7 10
3 11 5 6 1 4 9
3 11 5 6 1 4 9 10
3 11 5 6 1 4 10
3 11 5 6 1 10
3 11 5 6 9
3 11 5 6 9 10
3 11 5 6 4
3 11 5 6 4 7
3 11 5 6 4 7 9
3 11 5 6 4 7 9 10
3 11 5 6 4 7 10
3 11 5 6 4 9
3 11 5 6 4 9 10
3 11 5 6 4 10
3 11 5 6 10
3 11 5 10
3 11 9
3 11 9 10
3 11 4
3 11 4 7
3 11 4 7 9
3 11 4 7 9 10
3 11 4 7 10
3 11 4 9
3 11 4 9 10
3 11 4 10
3 11 6
3 11 6 7
3 11 6 7 9
3 11 6 7 9 10
3 11 6 7 10
3 11 6 1
3 11 6 1 7
3 11 6 1 7 9
3 11 6 1 7 9 10
3 11 6 1 7 10
3 11 6 1 9
3 11 6 1 9 10
3 11 6 1 4
3 11 6 1 4 7
3 11 6 1 4 7 9
3 11 6 1 4 7 9 10
3 11 6 1 4 7 10
3 11 6 1 4 9
3 11 6 1 4 9 10
3 11 6 1 4 10
3 11 6 1 10
3 11 6 9
3 11 6 9 10
3 11 6 4
3 11 6 4 7
3 11 6 4 7 9
3 11 6 4 7 9 10
3 11 6 4 7 10
3 11 6 4 9
3 11 6 4 9 10
3 11 6 4 10
3 11 6 10
3 11 10
3 7
3 7 9
3 7 9 10
3 7 10
3 1
3 1 7
3 1 7 9
3 1 7 9 10
3 1 7 10
3 1 9
3 1 9 10
3 1 4
3 1 4 7
3 1 4 7 9
3 1 4 7 9 10
3 1 4 7 10
3 1 4 9
3 1 4 9 10
3 1 4 10
3 1 10
3 5
3 5 7
3 5 7 9
3 5 7 9 10
3 5 7 10
3 5 1
3 5 1 7
3 5 1 7 9
3 5 1 7 9 10
3 5 1 7 10
3 5 1 9
3 5 1 9 10
3 5 1 4
3 5 1 4 7
3 5 1 4 7 9
3 5 1 4 7 9 10
3 5 1 4 7 10
3 5 1 4 9
3 5 1 4 9 10
3 5 1 4 10
3 5 1 10
3 5 9
3 5 9 10
3 5 4
3 5 4 7
3 5 4 7 9
3 5 4 7 9 10
3 5 4 7 10
3 5 4 9
3 5 4 9 10
3 5 4 10
3 5 6
3 5 6 7
3 5 6 7 9
3 5 6 7 9 10
3 5 6 7 10
3 5 6 1
3 5 6 1 7
3 5 6 1 7 9
3 5 6 1 7 9 10
3 5 6 1 7 10
3 5 6 1 9
3 5 6 1 9 10
3 5 6 1 4
3 5 6 1 4 7
3 5 6 1 4 7 9
3 5 6 1 4 7 9 10
3 5 6 1 4 7 10
3 5 6 1 4 9
3 5 6 1 4 9 10
3 5 6 1 4 10
3 5 6 1 10
3 5 6 9
3 5 6 9 10
3 5 6 4
3 5 6 4 7
3 5 6 4 7 9
3 5 6 4 7 9 10
3 5 6 4 7 10
3 5 6 4 9
3 5 6 4 9 10
3 5 6 4 10
3 5 6 10
3 5 10
3 9
3 9 10
3 2
3 2 11
3 2 11 7
3 2 11 7 9
3 2 11 7 9 10
3 2 11 7 10
3 2 11 1
3 2 11 1 7
3 2 11 1 7 9
3 2 11 1 7 9 10
3 2 11 1 7 10
3 2 11 1 9
3 2 11 1 9 10
3 2 11 1 4
3 2 11 1 4 7
3 2 11 1 4 7 9
3 2 11 1 4 7 9 10
3 2 11 1 4 7 10
3 2 11 1 4 9
3 2 11 1 4 9 10
3 2 11 1 4 10
3 2 11 1 10
3 2 11 5
3 2 11 5 7
3 2 11 5 7 9
3 2 11 5 7 9 10
3 2 11 5 7 10
3 2 11 5 1
3 2 11 5 1 7
3 2 11 5 1 7 9
3 2 11 5 1 7 9 10
3 2 11 5 1 7 10
3 2 11 5 1 9
3 2 11 5 1 9 10
3 2 11 5 1 4
3 2 11 5 1 4 7
3 2 11 5 1 4 7 9
3 2 11 5 1 4 7 9 10
3 2 11 5 1 4 7 10
3 2 11 5 1 4 9
3 2 11 5 1 4 9 10
3 2 11 5 1 4 10
3 2 11 5 1 10
3 2 11 5 9
3 2 11 5 9 10
3 2 11 5 4
3 2 11 5 4 7
3 2 11 5 4 7 9
3 2 11 5 4 7 9 10
3 2 11 5 4 7 10
3 2 11 5 4 9
3 2 11 5 4 9 10
3 2 11 5 4 10
3 2 11 5 6
3 2 11 5 6 7
3 2 11 5 6 7 9
3 2 11 5 6 7 9 10
3 2 11 5 6 7 10
3 2 11 5 6 1
3 2 11 5 6 1 7
3 2 11 5 6 1 7 9
3 2 11 5 6 1 7 9 10
3 2 11 5 6 1 7 10
3 2 11 5 6 1 9
3 2 11 5 6 1 9 10
3 2 11 5 6 1 4
3 2 11 5 6 1 4 7
3 2 11 5 6 1 4 7 9
3 2 11 5 6 1 4 7 9 10
3 2 11 5 6 1 4 7 10
3 2 11 5 6 1 4 9
3 2 11 5 6 1 4 9 10
3 2 11 5 6 1 4 10
3 2 11 5 6 1 10
3 2 11 5 6 9
3 2 11 5 6 9 10
3 2 11 5 6 4
3 2 11 5 6 4 7
3 2 11 5 6 4 7 9
3 2 11 5 6 4 7 9 10
3 2 11 5 6 4 7 10
3 2 11 5 6 4 9
3 2 11 5 6 4 9 10
3 2 11 5 6 4 10
3 2 11 5 6 10
3 2 11 5 10
3 2 11 9
3 2 11 9 10
3 2 11 4
3 2 11 4 7
3 2 11 4 7 9
3 2 11 4 7 9 10
3 2 11 4 7 10
3 2 11 4 9
3 2 11 4 9 10
3 2 11 4 10
3 2 11 6
3 2 11 6 7
3 2 11 6 7 9
3 2 11 6 7 9 10
3 2 11 6 7 10
3 2 11 6 1
3 2 11 6 1 7
3 2 11 6 1 7 9
3 2 11 6 1 7 9 10
3 2 11 6 1 7 10
3 2 11 6 1 9
3 2 11 6 1 9 10
3 2 11 6 1 4
3 2 11 6 1 4 7
3 2 11 6 1 4 7 9
3 2 11 6 1 4 7 9 10
3 2 11 6 1 4 7 10
3 2 11 6 1 4 9
3 2 11 6 1 4 9 10
3 2 11 6 1 4 10
3 2 11 6 1 10
3 2 11 6 9
3 2 11 6 9 10
3 2 11 6 4
3 2 11 6 4 7
3 2 11 6 4 7 9
3 2 11 6 4 7 9 10
3 2 11 6 4 7 10
3 2 11 6 4 9
3 2 11 6 4 9 10
3 2 11 6 4 10
3 2 11 6 10
3 2 11 10
3 2 7
3 2 7 9
3 2 7 9 10
3 2 7 10
3 2 1
3 2 1 7
3 2 1 7 9
3 2 1 7 9 10
3 2 1 7 10
3 2 1 9
3 2 1 9 10
3 2 1 4
3 2 1 4 7
3 2 1 4 7 9
3 2 1 4 7 9 10
3 2 1 4 7 10
3 2 1 4 9
3 2 1 4 9 10
3 2 1 4 10
3 2 1 10
3 2 5
3 2 5 7
3 2 5 7 9
3 2 5 7 9 10
3 2 5 7 10
3 2 5 1
3 2 5 1 7
3 2 5 1 7 9
3 2 5 1 7 9 10
3 2 5 1 7 10
3 2 5 1 9
3 2 5 1 9 10
3 2 5 1 4
3 2 5 1 4 7
3 2 5 1 4 7 9
3 2 5 1 4 7 9 10
3 2 5 1 4 7 10
3 2 5 1 4 9
3 2 5 1 4 9 10
3 2 5 1 4 10
3 2 5 1 10
3 2 5 9
3 2 5 9 10
3 2 5 4
3 2 5 4 7
3 2 5 4 7 9
3 2 5 4 7 9 10
3 2 5 4 7 10
3 2 5 4 9
3 2 5 4 9 10
3 2 5 4 10
3 2 5 6
3 2 5 6 7
3 2 5 6 7 9
3 2 5 6 7 9 10
3 2 5 6 7 10
3 2 5 6 1
3 2 5 6 1 7
3 2 5 6 1 7 9
3 2 5 6 1 7 9 10
3 2 5 6 1 7 10
3 2 5 6 1 9
3 2 5 6 1 9 10
3 2 5 6 1 4
3 2 5 6 1 4 7
3 2 5 6 1 4 7 9
3 2 5 6 1 4 7 9 10
3 2 5 6 1 4 7 10
3 2 5 6 1 4 9
3 2 5 6 1 4 9 10
3 2 5 6 1 4 10
3 2 5 6 1 10
3 2 5 6 9
3 2 5 6 9 10
3 2 5 6 4
3 2 5 6 4 7
3 2 5 6 4 7 9
3 2 5 6 4 7 9 10
3 2 5 6 4 7 10
3 2 5 6 4 9
3 2 5 6 4 9 10
3 2 5 6 4 10
3 2 5 6 10
3 2 5 10
3 2 9
3 2 9 10
3 2 4
3 2 4 7
3 2 4 7 9
3 2 4 7 9 10
3 2 4 7 10
3 2 4 9
3 2 4 9 10
3 2 4 10
3 2 6
3 2 6 7
3 2 6 7 9
3 2 6 7 9 10
3 2 6 7 10
3 2 6 1
3 2 6 1 7
3 2 6 1 7 9
3 2 6 1 7 9 10
3 2 6 1 7 10
3 2 6 1 9
3 2 6 1 9 10
3 2 6 1 4
3 2 6 1 4 7
3 2 6 1 4 7 9
3 2 6 1 4 7 9 10
3 2 6 1 4 7 10
3 2 6 1 4 9
3 2 6 1 4 9 10
3 2 6 1 4 10
3 2 6 1 10
3 2 6 9
3 2 6 9 10
3 2 6 4
3 2 6 4 7
3 2 6 4 7 9
3 2 6 4 7 9 10
3 2 6 4 7 10
3 2 6 4 9
3 2 6 4 9 10
3 2 6 4 10
3 2 6 10
3 2 10
3 4
3 4 7
3 4 7 9
3 4 7 9 10
3 4 7 10
3 4 9
3 4 9 10
3 4 10
3 6
3 6 7
3 6 7 9
3 6 7 9 10
3 6 7 10
3 6 1
3 6 1 7
3 6 1 7 9
3 6 1 7 9 10
3 6 1 7 10
3 6 1 9
3 6 1 9 10
3 6 1 4
3 6 1 4 7
3 6 1 4 7 9
3 6 1 4 7 9 10
3 6 1 4 7 10
3 6 1 4 9
3 6 1 4 9 10
3 6 1 4 10
3 6 1 10
3 6 9
3 6 9 10
3 6 4
3 6 4 7
3 6 4 7 9
3 6 4 7 9 10
3 6 4 7 10
3 6 4 9
3 6 4 9 10
3 6 4 10
3 6 10
3 10
6
6 7
6 7 9
6 7 9 10
6 7 10
6 1
6 1 7
6 1 7 9
6 1 7 9 10
6 1 7 10
6 1 9
6 1 9 10
6 1 4
6 1 4 7
6 1 4 7 9
6 1 4 7 9 10
6 1 4 7 10
6 1 4 9
6 1 4 9 10
6 1 4 10
6 1 10
6 9
6 9 10
6 4
6 4 7
6 4 7 9
6 4 7 9 10
6 4 7 10
6 4 9
6 4 9 10
6 4 10
6 10
13
13 11
13 11 7
13 11 7 9
13 11 7 9 10
13 11 7 10
13 11 12
13 11 12 7
13 11 12 7 9
13 11 12 7 9 10
13 11 12 7 10
13 11 12 9
13 11 12 9 10
13 11 12 10
13 11 9
13 11 9 10
13 11 10
13 7
13 7 9
13 7 9 10
13 7 10
13 12
13 12 7
13 12 7 9
13 12 7 9 10
13 12 7 10
13 12 9
13 12 9 10
13 12 10
13 9
13 9 10
13 10
5
5 7
5 7 9
5 7 9 10
5 7 10
5 1
5 1 7
5 1 7 9
5 1 7 9 10
5 1 7 10
5 1 9
5 1 9 10
5 1 4
5 1 4 7
5 1 4 7 9
5 1 4 7 9 10
5 1 4 7 10
5 1 4 9
5 1 4 9 10
5 1 4 10
5 1 10
5 9
5 9 10
5 4
5 4 7
5 4 7 9
5 4 7 9 10
5 4 7 10
5 4 9
5 4 9 10
5 4 10
5 6
5 6 7
5 6 7 9
5 6 7 9 10
5 6 7 10
5 6 1
5 6 1 7
5 6 1 7 9
5 6 1 7 9 10
5 6 1 7 10
5 6 1 9
5 6 1 9 10
5 6 1 4
5 6 1 4 7
5 6 1 4 7 9
5 6 1 4 7 9 10
5 6 1 4 7 10
5 6 1 4 9
5 6 1 4 9 10
5 6 1 4 10
5 6 1 10
5 6 9
5 6 9 10
5 6 4
5 6 4 7
5 6 4 7 9
5 6 4 7 9 10
5 6 4 7 10
5 6 4 9
5 6 4 9 10
5 6 4 10
5 6 10
5 10
4
4 7
4 7 9
4 7 9 10
4 7 10
4 9
4 9 10
4 10
